48 70 22 74 98 56 99 14 52 73 65 26 42 99 36 71 33 71 44 36 51
5 58 79 81 20 42 50 33 41 59 81 11 81 56 10 38 55 24 91 29 89
17 71 89 54 43 22 25 88 59 76 93 18 56 74 38 98 24 72 40 84 53
52 65 10 62 4 66 87 95 95 77 12 67 66 66 11 89 92 99 48 68 92
67 25 66 6 24 91 78 64 76 31 16 42 42 79 46 8 66 41 3 43 54
71 10 21 82 99 13 82 48 82 74 15 7 41 21 31 33 99 96 9 31 13
51 73 92 98 81 59 40 85 3 94 57 13 15 40 12 29 22 61 11 97 76
18 39 98 50 73 97 47 83 29 60 35 3 53 33 85 12 73 71 15 68 28
28 84 69 41 13 92 3 24 89 79 43 29 77 94 3 75 41 86 5 2 21
8 55 55 93 68 29 64 84 97 93 13 81 62 55 95 54 58 19 44 37 62
73 15 56 76 91 98 62 96 1 84 4 56 40 98 25 69 62 10 67 55 23
48 17 78 44 71 36 63 15 74 26 89 90 83 66 81 81 29 78 82 13 83
39 53 81 65 23 43 75 90 99 98 39 17 77 83 89 14 46 5 88 73 94
78 56 60 60 38 89 38 21 3 21 61 57 2 26 80 46 2 70 45 1 10
63 78 93 52 92 40 57 81 13 51 60 69 12 20 8 2 59 29 6 80 91
64 83 18 44 30 20 15 76 21 25 39 0 19 91 93 59 48 75 72 0 35
42 13 55 50 15 15 80 22 95 71 86 79 89 30 9 10 46 85 32 72 25
33 91 16 26 51 65 1 23 65 37 65 79 93 16 94 8 97 16 3 69 2
83 59 33 93 69 80 79 1 53 4 35 44 21 61 95 86 63 19 52 1 85
31 94 2 26 2 99 43 6 68 46 89 27 79 82 97 60 61 99 13 66 34